1 0.194 0.41607142857142854 0.184 0.09642857142857142
1 0.329 0.21428571428571427 0.11800000000000001 0.09285714285714286
1 0.445 0.1125 0.10200000000000001 0.060714285714285714
1 0.553 0.15178571428571427 0.094 0.08928571428571429
1 0.732 0.19285714285714284 0.116 0.11428571428571428
1 0.51 0.2714285714285714 0.092 0.09285714285714286
1 0.5710000000000001 0.34464285714285714 0.254 0.20357142857142857
1 0.906 0.33214285714285713 0.108 0.12857142857142856
1 0.38 0.6875 0.432 0.375
1 0.754 0.7839285714285714 0.084 0.125
