0 0.358 0.21453900709219859 0.452 0.1879432624113475
0 0.06 0.33865248226950356 0.052000000000000005 0.031914893617021274
0 0.395 0.37943262411347517 0.066 0.05673758865248227
0 0.719 0.2429078014184397 0.182 0.09574468085106383
0 0.675 0.3528368794326241 0.078 0.05319148936170213
0 0.59 0.34397163120567376 0.06 0.0425531914893617
0 0.514 0.8173758865248226 0.272 0.24468085106382978
0 0.293 0.8351063829787234 0.27 0.26595744680851063
0 0.147 0.6223404255319149 0.074 0.10992907801418439
0 0.368 0.675531914893617 0.17200000000000001 0.10283687943262411
0 0.315 0.5904255319148936 0.122 0.10992907801418439
0 0.068 0.6329787234042553 0.084 0.11702127659574468
0 0.051000000000000004 0.7358156028368794 0.098 0.16666666666666666
0 0.03 0.2553191489361702 0.032 0.035460992907801414
0 0.606 0.24468085106382978 0.06 0.035460992907801414
